0.1 -23.3579833083465 176.931589857229
0.102329299228075 -22.9581743412988 176.860139416553
0.10471285480509 -22.5583743736878 176.787025669665
0.107151930523761 -22.1585838293374 176.712209957132
0.109647819614319 -21.7588031520137 176.635652724724
0.112201845430196 -21.3590328063625 176.557313502988
0.114815362149688 -20.9592732788898 176.477150886366
0.117489755493953 -20.5595250789887 176.395122511873
0.120226443461741 -20.1597887400136 176.311185037299
0.123026877081238 -19.7600648204058 176.225294118945
0.125892541179417 -19.3603539048707 176.137404388877
0.128824955169313 -18.9606566056106 176.047469431697
0.131825673855641 -18.5609735636148 175.955441760805
0.134896288259165 -18.1613054500102 175.861272794172
0.138038426460288 -17.7616529674748 175.764912829587
0.141253754462275 -17.3620168517169 175.666311019387
0.144543977074593 -16.9623978730242 175.565415344653
0.147910838816821 -16.5627968378839 175.462172588879
0.151356124843621 -16.163214590679 175.356528311075
0.154881661891248 -15.7636520154638 175.248426818332
0.158489319246111 -15.3641100378214 175.137811137823
0.162181009735893 -14.9645896268079 175.02462298822
0.165958690743756 -14.5650917969871 174.908802750551
0.169824365246174 -14.1656176105595 174.790289438467
0.173780082874937 -13.7661681795906 174.669020667908
0.177827941003892 -13.3667446683415 174.544932626181
0.181970085860998 -12.967348295709 174.417960040435
0.186208713666287 -12.5679803377775 174.288036145514
0.190546071796325 -12.1686421304896 174.15509265121
0.194984459975804 -11.7693350724399 174.019059708879
0.199526231496888 -11.3700606277985 173.879865877444
0.204173794466953 -10.9708203293683 173.737438088763
0.208929613085404 -10.5716157817843 173.591701612365
0.213796208950223 -10.17244866486 173.44258001956
0.218776162394955 -9.77332073708712 173.289995146893
0.223872113856834 -9.37423383929708 173.133867058986
0.229086765276777 -8.97518989848993 172.974114010721
0.234422881531992 -8.57619093183908 172.810652408804
0.239883291901949 -8.17723905087911 172.643396772686
0.245470891568503 -7.77833646588534 172.472259694856
0.251188643150958 -7.37948549045305 172.297151800516
0.257039578276886 -6.98068854628553 172.117981706626
0.263026799189538 -6.58194816819998 171.934655980352
0.269153480392691 -6.18326700936086 171.747079096907
0.275422870333816 -5.7846478467504 171.555153396799
0.281838293126445 -5.38609358688686 171.358779042518
0.28840315031266 -4.98760727180103 171.157853974647
0.295120922666638 -4.58919208528209 170.952273867449
0.301995172040201 -4.19085135940444 170.741932083918
0.309029543251359 -3.7925885813474 170.526719630352
0.316227766016838 -3.39440740052036 170.306525110434
0.323593656929628 -2.99631163600579 170.081234678897
0.331131121482591 -2.59830528433411 169.850731994763
0.338844156139202 -2.20039252760358 169.614898174219
0.346736850452531 -1.80257774195989 169.37361174317
0.354813389233575 -1.40486550645005 169.126748589493
0.363078054770101 -1.0072606122659 168.874181915073
0.371535229097172 -0.609768072392852 168.615782187644
0.380189396320561 -0.212393131680373 168.351417092518
0.38904514499428 0.184858722649308 168.080951484257
0.398107170553497 0.58198175003685 167.804247338358
0.407380277804112 0.978969945148113 167.521163703033
0.416869383470335 1.37581702594489 167.231556651166
0.426579518801592 1.77251642124535 166.93527923254
0.436515832240165 2.16906125775489 166.632181426429
0.446683592150962 2.56544434654791 166.322110094668
0.457088189614874 2.96165816898026 166.004908935316
0.467735141287197 3.35769486201179 165.680418437036
0.478630092322638 3.75354620291836 165.348475834321
0.489778819368445 4.14920359337169 165.008915063731
0.501187233627271 4.54465804286565 164.661566721274
0.512861383991364 4.93990015146702 164.306258021121
0.524807460249772 5.33492009186872 163.942812755818
0.537031796370252 5.72970759072307 163.571051258205
0.549540873857624 6.12425190923274 163.190790365241
0.562341325190348 6.51854182297709 162.801843383962
0.575439937337156 6.91256560095137 162.404020059806
0.588843655355588 7.30631098379654 161.997126547571
0.602559586074357 7.69976516119805 161.580965385261
0.616595001861481 8.09291474843169 161.155335471128
0.630957344480192 8.4857457620354 160.720032044207
0.645654229034654 8.87824359458714 160.274846668679
0.660693448007595 9.27039298856851 159.81956722241
0.676082975391981 9.66217800929623 159.353977890033
0.691830970918935 10.0535820169036 158.877859160975
0.707945784384137 10.4445876373562 158.390987832843
0.724435960074989 10.8351767324877 157.893137020602
0.741310241300916 11.2253303690432 157.38407617203
0.758577575029182 11.6150287867194 156.863571089922
0.77624711662869 12.0042513651957 156.331383961578
0.79432823472428 12.3929765901491 155.787273396109
0.812830516164098 12.781182018253 155.230994470152
0.831763771102669 13.1688442411614 154.662298782578
0.851138038202375 13.5559388484843 154.080934518837
0.870963589956079 13.9424403897649 153.486646525605
0.891250938133744 14.3283223354742 152.87917639641
0.912010839355908 14.713557037044 152.25826256897
0.933254300796989 15.0981156859649 151.623640434989
0.954992586021434 15.4819682719823 150.975042463187
0.977237220955809 15.8650835404329 150.312198336368
0.999999999999998 16.2474289487679 149.634835103372
1.02329299228075 16.6289706223218 148.942677346751
1.0471285480509 17.0096733093917 148.235447367068
1.0715193052376 17.3895003357048 147.512865384716
1.09647819614318 17.7684135583591 146.774649760174
1.12201845430196 18.1463733193384 146.020517233659
1.14815362149688 18.5233383987092 145.250183185102
1.17489755493953 18.8992659676258 144.463361915429
1.20226443461741 19.2741115412809 143.65976695009
1.23026877081238 19.6478289319527 142.839111365819
1.25892541179416 20.0203702023191 142.001108141555
1.28824955169313 20.3916856192213 141.145470534478
1.3182567385564 20.7617236080795 140.271912482065
1.34896288259165 21.1304307081799 139.380149031038
1.38038426460288 21.4977515290712 138.46989679406
1.41253754462275 21.8636287083262 137.54087443495
1.44543977074592 22.2280028709481 136.592803183135
1.4791083881682 22.5908125907144 135.625407377991
1.5135612484362 22.9519943537788 134.638415043622
1.54881661891248 23.3114825248654 133.631558494518
1.58489319246111 23.6692093164148 132.604574972415
1.62181009735892 24.0251047610592 131.557207314557
1.65958690743756 24.3790966878226 130.48920465338
1.69824365246174 24.731110702463 129.400323147472
1.73780082874937 25.0810701723905 128.290326743504
1.77827941003892 25.4288962166099 127.158987968547
1.81970085860998 25.7745077011541 126.006088752039
1.86208713666286 26.1178212404841 124.831421276361
1.90546071796324 26.4587512053446 123.634788854723
1.94984459975804 26.7972097375692 122.416006834794
1.99526231496887 27.1331067723335 121.17490352618
2.04173794466952 27.4663500683572 119.911321149541
2.08929613085403 27.7968452465483 118.625116804789
2.13796208950223 28.1244958375774 117.316163455473
2.18776162394955 28.4492033388556 115.984350926082
2.23872113856833 28.7708672813683 114.629586908611
2.29086765276777 29.0893853067958 113.251797974384
2.34422881531991 29.4046532553159 111.850930586727
2.39883291901948 29.7165652644501 110.426952109708
2.45470891568502 30.0250138792656 108.979851807804
2.51188643150957 30.3298901741965 107.509641830984
2.57039578276886 30.6310838866867 106.016358179353
2.63026799189537 30.9284835627899 104.50006164122
2.69153480392691 31.2219767147903 102.960838698117
2.75422870333816 31.5114499908241 101.398802390104
2.81838293126444 31.7967893563972 99.8140931344344
2.8840315031266 32.0778802876 98.2068794905694
2.95120922666637 32.3546079757204 96.5773588643583
3.019951720402 32.6268575428548 94.9257581442332
3.09029543251358 32.8945142680079 93.252334262262
3.16227766016837 33.1574638230638 91.5573746730282
3.23593656929627 33.4155925178982 89.8411977434878
3.3113112148259 33.6687875537923 88.1041530472233
3.38844156139201 33.9169372841978 86.3466215568646
3.4673685045253 34.1599314817966 84.5690157288832
3.54813389233574 34.3976616106975 82.7717794754853
3.630780547701 34.630021102514 80.9553880189306
3.71535229097171 34.8569056349844 79.1203476242858
3.8018939632056 35.0782134117107 77.2671952073735
3.89045144994279 35.2938454415325 75.3964978155009
3.98107170553496 35.5037058159932 73.5088519794334
4.07380277804111 35.7077019833151 71.6048829360058
4.16869383470334 35.905745017277 69.6852437217367
4.26579518801591 36.0977498793748 67.7506141388065
4.36515832240164 36.2836356726521 65.8016995957697
4.46683592150961 36.4633258856114 63.8392298263875
4.57088189614873 36.636748624655 61.8639574909632
4.67735141287196 36.8038368335609 59.8766566655403
4.78630092322636 36.9645284985697 57.878121225255
4.89778819368444 37.1187668377471 55.8691631290203
5.0118723362727 37.2665004733857 53.8506106135366
5.12861383991363 37.4076835863237 51.8233063053664
5.2480746024977 37.5422760511845 49.7881052604742
5.3703179637025 37.6702435516732 47.7458729411962
5.49540873857622 37.7915576752098 45.6974831410791
5.62341325190346 37.9061959863265 43.6438158683909
5.75439937337154 38.0141420784067 41.5857551993711
5.88843655355586 38.1153856035004 39.5241871124429
6.02559586074355 38.2099222801011 37.4599973146637
6.16595001861479 38.2977538789227 35.3940690716358
6.3095734448019 38.3788881868644 33.3272810519544
6.45654229034652 38.4533389494937 31.2605051970236
6.60693448007593 38.5211257925149 29.1946046267453
6.76082975391978 38.5822741228223 27.1304315911746
6.91830970918933 38.6368150098543 25.0688254777559
7.07945784384134 38.6847850480797 23.0106108832087
7.24435960074986 38.7262262015481 20.9565957585334
7.41310241300914 38.7611856315241 18.9075696349591
7.5857757502918 38.7897155083097 16.8643019379712
7.76247116628688 38.811872808424 14.8275403958409
7.94328234724277 38.8277190983679 12.7980095483399
8.12830516164095 38.8373203062493 10.7764093605707
8.31763771102667 38.840746482578 8.76341394608139
8.51138038202372 38.8380715515634 6.75967040266984
8.70963589956076 38.8293730542666 4.76579776352484
8.91250938133741 38.814731884956 2.78238606560283
9.12010839355905 38.7942320220169 0.809995536407168
9.33254300796986 38.7679602547455 -1.15084410037549
9.54992586021431 38.7360059073381 -3.09963420061318
9.77237220955806 38.6984605613517 -5.0359076577289
9.99999999999995 38.6554177778761 -6.95922924447582
10.2329299228075 38.6069728206091 -8.86919584058408
10.4712854805089 38.553222380975 -10.7654365489251
10.715193052376 38.4942643063688 -12.6476127033393
10.9647819614318 38.4301973325447 -14.5154177717338
11.2201845430196 38.3611208211007 -16.3685771584635
11.4815362149688 38.28713450294 -18.2068479103743
11.7489755493952 38.2083382285172 -20.0300183311948
12.0226443461741 38.1248317256005 -21.8379075092245
12.3026877081237 38.0367143652056 -23.6303647634776
12.5892541179416 37.9440849362802 -25.4072690135995
12.8824955169313 37.8470414296395 -27.1685280789843
13.182567385564 37.7456808315807 -28.9140779125839
13.4896288259165 37.6400989275267 -30.6438817749171
13.8038426460288 37.5303901159822 -32.3579293537604
14.1253754462275 37.4166472330127 -34.0562358349347
14.4543977074592 37.2989613873957 -35.7388409295005
14.791083881682 37.1774218065289 -37.405807862534
15.135612484362 37.0521156931283 -39.0572223284923
15.4881661891247 36.923128092692 -40.6931914179797
15.848931924611 36.7905417716624 -42.3138425205145
16.2181009735892 36.6544371061769 -43.9193222076631
16.5958690743755 36.5148919812589 -45.5097951006602
16.9824365246173 36.3719817002727 -47.0854427263823
17.3780082874936 36.2257789044363 -48.6464623652779
17.7827941003891 36.0763535021669 -50.1930658945974
18.1970085860997 35.9237726080187 -51.7254786300075
18.6208713666286 35.7681004909583 -53.2439381684169
19.0546071796323 35.6093985317173 -54.7486932346001
19.4984459975803 35.44772518896 -56.2400025339669
19.9526231496887 35.283135974002 -57.7181336136111
20.4173794466952 35.1156834338219 -59.1833617335659
20.8929613085403 34.9454171421135 -60.6359687500099
21.3796208950222 34.7723836981366 -62.0762420120044
21.8776162394954 34.5966267331357 -63.5044732731984
22.3872113856832 34.418186924108 -64.9209576198188
22.9086765276776 34.2371020147186 -66.3259924161646
23.4422881531991 34.053406843172 -67.7198762687493
23.9883291901947 33.8671333768691 -69.1029080101876
24.5470891568501 33.6783107536885 -70.4753857038892
25.1188643150956 33.4869653297487 -71.8376056706222
25.7039578276885 33.2931207335197 -73.1898615380198
26.3026799189536 33.0967979261624 -74.5324433141412
26.915348039269 32.8980152679859 -75.8656364862518
27.5422870333815 32.6967885909186 -77.1897211460551
28.1838293126443 32.4931312768926 -78.5049711426972
28.8403150312659 32.2870543420429 -79.8116532649579
29.5120922666636 32.0785665266221 -81.1100264541496
30.1995172040199 31.8676743905215 -82.4003410493541
30.9029543251357 31.6543824142855 -83.682838066746
31.6227766016836 31.438693105488 -84.9577485148595
32.3593656929626 31.2206071103252 -86.225292747769
33.1131121482589 31.0001233302565 -87.4856798582518
33.88441561392 30.7772390435006 -88.7391071130928
34.6736850452529 30.551950031164 -89.9857594327602
35.4813389233573 30.324250707749 -91.2258089177384
36.3078054770099 30.0941342557479 -92.4594144238309
37.153522909717 29.8615927639975 -93.6867211887453
38.0189396320558 29.6266173694209 -94.9078605122479
38.9045144994278 29.3891984017469 -96.1229494921064
39.8107170553494 29.1493255307469 -97.3320908179407
40.738027780411 28.9069879154913 -98.5353726249598
41.6869383470332 28.6621743550779 -99.7328684093836
42.6579518801589 28.4148734402466 -100.924637007123
43.6515832240163 28.16507370525 -102.110722637025
44.668359215096 27.9127637793156 -103.291155009691
45.7088189614871 27.6579325369986 -104.465949502514
46.7735141287194 27.4005692466986 -105.635107401213
47.8630092322634 27.1406637165864 -106.798616207711
48.9778819368442 26.8782064371767 -107.956450013762
50.1187233627268 26.613188719767 -109.108569939262
51.2861383991361 26.3456028299682 -110.254924633664
52.4807460249768 26.0754421155553 -111.395450838457
53.7031796370248 25.8027011278872 -112.53007400811
54.954087385762 25.5273757361674 -113.658708986412
56.2341325190344 25.2494632338558 -114.781260734636
57.5439937337152 24.9689624365829 -115.897625107471
58.8843655355584 24.6858737709749 -117.007689672236
60.2559586074353 24.400199353856 -118.111334566467
61.6595001861477 24.1119430613671 -119.208433388613
63.0957344480188 23.8211105876139 -120.298854116255
64.565422903465 23.5277094925415 -121.382460046011
66.069344800759 23.2317492388179 -122.459110749091
67.6082975391976 22.9332412175993 -123.528663036335
69.183097091893 22.6321987631447 -124.590971926515
70.7945784384132 22.3286371563365 -125.645891611693
72.4435960074984 22.0225736172594 -126.693276413489
74.1310241300911 21.7140272870787 -127.732981724303
75.8577575029177 21.4030191995458 -128.764864927718
77.6247116628685 21.0895722425415 -129.788786292597
79.4328234724274 20.7737111101425 -130.804609835762
81.2830516164092 20.455462245766 -131.812204148475
83.1763771102664 20.1348537770098 -132.811443182434
85.1138038202369 19.8119154428549 -133.802206991431
87.0963589956073 19.4866785139444 -134.784382425349
89.1250938133737 19.1591757066841 -135.757863773674
91.2010839355901 18.8294410919358 -136.72255335627
93.3254300796982 18.4975099990888 -137.678362059656
95.4992586021427 18.1634189163 -138.625209817622
97.7237220955802 17.8272053876899 -139.563026035498
99.9999999999991 17.4889079082707 -140.491749957919
102.329299228074 17.1485658173592 -141.41133098042
104.712854805089 16.8062191912037 -142.321728905637
107.15193052376 16.4619087355192 -143.222914145314
109.647819614317 16.1156756785834 -144.114867869702
112.201845430195 15.7675616655075 -144.997582106273
114.815362149687 15.4176086542418 -145.871059789969
117.489755493952 15.0658588138326 -146.735314767483
120.22644346174 14.7123544253878 -147.590371758231
123.026877081237 14.3571377861612 -148.436266274912
125.892541179416 14.0002511171071 -149.273044506607
128.824955169312 13.6417364742072 -150.100763167518
131.825673855639 13.2816356638166 -150.919489314443
134.896288259164 12.9199901622264 -151.729300136138
138.038426460287 12.5568410395935 -152.530282717664
141.253754462274 12.1922288883377 -153.322533782794
144.543977074591 11.8261937560686 -154.106159417463
147.910838816819 11.45877508306 -154.881274777148
151.356124843619 11.0900116442562 -155.648003780967
154.881661891247 10.7199414957585 -156.406478795118
158.48931924611 10.348601925713 -157.156840308163
162.181009735891 9.97602940949061 -157.899236600503
165.958690743754 9.60225956903262 -158.633823410197
169.824365246173 9.22732713620828 -159.360763597157
173.780082874936 8.85126592002073 -160.080226807539
177.82794100389 8.47410877748002 -160.792389139997
181.970085860996 8.09588758795211 -161.497432815308
186.208713666285 7.71663323078542 -162.195545850679
190.546071796323 7.33637556600926 -162.886921739921
194.984459975802 6.95514341789621 -163.57175914049
199.526231496886 6.57296456117823 -164.250261568267
204.173794466951 6.18986570970677 -164.922637100776
208.929613085402 5.80587250734915 -165.589098089449
213.796208950221 5.42100952091634 -166.249860881375
218.776162394953 5.03530023492235 -166.90514555087
223.872113856832 4.64876704798032 -167.555175641106
229.086765276775 4.26143127064723 -168.200177915906
234.42288153199 3.873313124536 -168.840382121741
239.883291901946 3.48443174252181 -169.476020759878
245.4708915685 3.09480516987689 -170.107328868512
251.188643150955 2.70445036617769 -170.734543814712
257.039578276884 2.31338320783583 -171.357905095869
263.026799189535 1.92161849111416 -171.977654150334
269.153480392689 1.529169935498 -172.594034176851
275.422870333814 1.13605018730025 -173.207289962351
281.838293126442 0.742270823389046 -173.817667717636
288.403150312657 0.347842354934821 -174.425414920442
295.120922666635 -0.0472257689169881 -175.030780165327
301.995172040198 -0.442925157532592 -175.634013019829
309.029543251356 -0.839248475512195 -176.235363886282
316.227766016834 -1.23618943971573 -176.835083868683
323.593656929625 -1.6337428166511 -177.433424643971
331.131121482587 -2.03190442027609 -178.030638337074
338.844156139199 -2.43067111025624 -178.62697739905
346.736850452528 -2.83004079071349 -179.222694487663
354.813389233572 -3.23001240949188 -179.818042349711
363.078054770097 -3.63058595795886 179.58672629559
371.535229097168 -4.03176247135288 178.991358872834
380.189396320557 -4.43354402967976 178.395603066977
389.045144994276 -4.83593375915271 177.799206940894
398.107170553493 -5.23893583416287 177.201919054621
407.380277804108 -5.64255547975929 176.60348858699
416.869383470331 -6.0467989746092 176.003665460306
426.579518801588 -6.45167365440153 175.402200468764
436.515832240161 -6.85718791564815 174.798845411247
446.683592150958 -7.26335121982933 174.193353229164
457.08818961487 -7.67017409782134 173.585478149949
467.735141287193 -8.07766815453555 172.974975836849
478.630092322633 -8.48584607368984 172.361603545574
489.77881936844 -8.89472162262428 171.745120288391
501.187233627266 -9.30430965706419 171.125287006192
512.861383991359 -9.71462612572455 170.501866749039
524.807460249766 -10.1256880746411 169.874624865652
537.031796370246 -10.5375136511037 169.243329202259
549.540873857618 -10.9501221070592 168.607750311195
562.341325190342 -11.3635338018416 167.967661669542
575.43993733715 -11.7777702040782 167.322839908104
588.843655355582 -12.1928538926131 166.673065050865
602.559586074351 -12.6088085562786 166.018120765092
616.595001861475 -13.0256589923399 165.357794622074
630.957344480186 -13.4434311034297 164.691878368479
645.654229034648 -13.8621518927811 164.020168208142
660.693448007588 -14.2818494575649 163.342465094057
676.082975391973 -14.7025529801288 162.658575030176
691.830970918928 -15.1242927169337 161.968309382538
707.945784384129 -15.5470999849805 161.271485199095
724.435960074981 -15.9710071455172 160.567925537475
741.310241300908 -16.3960475848196 159.857459799785
758.577575029174 -16.8222556918398 159.139924073382
776.247116628682 -17.2496668325205 158.415161476411
794.328234724272 -17.6783173205829 157.683022506729
812.830516164089 -18.108244384602 156.94336539267
831.763771102661 -18.5394861311978 156.196056443949
851.138038202366 -18.9720815041846 155.440970400819
870.96358995607 -19.4060702395396 154.67799077945
891.250938133734 -19.8414928160728 153.907010211307
912.010839355898 -20.2783904017046 153.127930774179
933.254300796979 -20.7168047952864 152.340664312343
954.992586021424 -21.1567783639304 151.545132743212
977.237220955798 -21.5983539758494 150.741268347707
1000.0 -22.0415749287464 149.929014041482
