2186
2147
2059
1992
2038
2170
2158
2108
2058
2034
2018
2128
2160
2180
2096
2030
2043
2138
2162
2200
2114
2024
2043
2107
2162
2157
2090
2024
2002
2092
2150
2130
2052
2027
1952
2032
2110
2139
2080
2014
1979
2027
2136
2154
2106
2032
2002
2064
2154
2160
2090
2016
2002
2048
2150
2170
2099
2051
2002
2018
2114
2170
2152
2106
2082
2129
2256
2314
2310
2244
2146
2136
2154
2102
2018
1867
1738
1726
1758
1738
1696
1672
1611
1674
1846
2078
2226
2288
2304
2338
2424
2499
2474
2362
2238
2192
2210
2232
2226
2144
2042
2002
2022
2098
2091
2064
1995
1946
1960
2068
2104
2070
1986
1936
2016
2110
2134
2152
2064
2038
2067
2162
2208
2128
2056
2002
2066
2152
2194
2184
2098
2022
2024
2114
2162
2166
2134
2062
2080
2138
2186
2176
2106
2036
2038
2138
2190
2178
2114
2034
2042
2110
2170
2170
2098
2050
1982
2026
2122
2152
2115
2048
1994
2058
2112
2098
2082
1992
1958
1995
2042
2082
2010
1914
1890
1928
2051
2068
2032
1974
1944
1966
2056
2114
2130
2030
1994
2018
2114
2150
2130
2058
2022
2032
2152
2210
2190
2097
2048
2080
2146
2179
2194
2126
2080
2054
2099
2198
2192
2138
2065
2032
2120
2166
2194
2130
2066
2018
2086
2160
2170
2110
2027
1986
2075
2110
2139
2104
2050
1994
2006
2100
2140
2130
2042
1978
2018
2096
2146
2123
2011
1982
2040
2102
2176
2130
2070
1990
2054
2077
2176
2176
2090
1994
1995
2099
2138
2150
2058
2003
2002
2090
2154
2150
2088
2010
1986
2064
2158
2152
2074
2006
2002
2050
2123
2186
2160
2034
2000
2082
2138
2178
2122
2066
2038
2070
2166
2195
2112
2084
2026
2066
2126
2168
2098
2034
1982
1974
2050
2130
2114
2086
2002
1994
2064
2168
2154
2072
2014
2018
2098
2170
2150
2080
2016
2030
2136
2182
2138
2066
2042
2010
2082
2140
2176
2141
2024
2003
2056
2148
2155
2128
2042
2030
2155
2264
2324
2298
2169
2120
2120
2131
2058
1947
1800
1736
1722
1786
1790
1726
1668
1664
1757
1958
2154
2272
2282
2330
2370
2482
2544
2490
2336
2256
2235
2250
2262
2195
2072
2035
1978
2042
2098
2114
2048
1954
1946
2034
2082
2106
2058
2000
1974
2064
2107
2144
2070
2018
1994
2080
2138
2130
2098
2027
2008
2048
2147
2184
2152
2048
1995
2074
2152
2170
2124
2042
2016
2018
2136
2130
2122
2030
1994
2024
2128
2192
2122
2084
2019
2026
2107
2171
2194
2098
2042
2016
2122
2168
2154
2066
2032
2006
2090
2144
2152
2035
1986
1986
2044
2090
2064
2034
1962
1898
1978
2058
2082
2014
1962
1898
2006
2074
2106
2091
2018
1962
2043
2130
2136
2130
2050
2010
2098
2186
2178
2206
2107
2058
2046
2145
2188
2183
2090
2018
2054
2131
2176
2168
2064
2018
2026
2120
2144
2122
2050
2002
2038
2139
2162
2176
2122
2032
2000
2098
2150
2162
2120
2034
1994
2114
2162
2170
2084
2027
2022
2096
2150
2164
2120
2050
2002
2106
2146
2158
2138
2026
2002
2011
2110
2162
2131
2068
1986
2027
2098
2164
2124
2054
1990
2050
2146
2160
2144
2026
2009
1992
2140
2152
2160
2064
2002
2002
2066
2134
2168
2111
2022
2000
2101
2160
2178
2091
2035
2042
2118
2167
2170
2122
2046
2050
2098
2152
2194
2160
2070
2018
2035
2122
2162
2099
2014
1978
2006
2118
2130
2104
2010
1970
2034
2106
2140
2104
2010
1987
2056
2061
2138
2123
2098
2022
2038
2120
2170
2138
2058
2010
2018
2080
2152
2146
2051
2006
2019
2074
2160
2150
2099
2052
2090
2142
2266
2314
2275
2180
2123
2138
2137
2080
1962
1844
1747
1748
1763
1768
1704
1698
1722
1896
2075
2203
2282
2298
2338
2378
2494
2538
2498
2380
2282
2234
2267
2266
2178
2099
1962
1955
2088
2080
2066
1982
1944
1970
2056
2075
2086
2002
1962
1970
2052
2136
2122
2090
2018
1990
2082
2153
2162
2094
2018
2018
2128
2176
2154
2090
2018
2002
2090
2170
2179
2096
2014
2006
2043
2138
2162
2130
2034
2004
2038
2152
2162
2098
2026
2010
2032
2126
2136
2107
2058
2000
2038
2168
2186
2130
2056
2010
2002
2099
2170
2154
2072
1956
1978
2082
2092
2088
2030
1976
1950
2014
2072
2082
2027
1968
1982
2088
2134
2122
2058
2016
2000
2050
2171
2178
2138
2070
2046
2080
2182
2198
2146
2090
2040
2070
2162
2210
2110
2050
2002
2074
2142
2154
2102
2059
1998
2027
2126
2178
2126
2082
2018
2050
2114
2162
2150
2058
2010
2034
2147
2171
2136
2066
2012
2015
2136
2186
2164
2104
2030
2020
2096
2162
2146
2082
2011
1982
2064
2123
2138
2080
2026
2011
2058
2139
2160
2098
2010
1995
2064
2158
2162
2132
2058
2001
2050
2138
2154
2114
2030
1978
2024
2128
2154
2114
2024
2008
2043
2114
2154
2122
2046
2010
2050
2106
2150
2123
2064
2018
2030
2090
2142
2176
2120
2032
2030
2134
2162
2139
2091
2040
2034
2091
2146
2168
2085
2043
2026
2134
2162
2186
2128
2072
2002
2032
2146
2154
2114
2038
1974
2027
2106
2128
2067
1986
1946
2002
2114
2154
2086
2032
1966
2024
2150
2160
2144
2082
2034
2014
2139
2187
2146
2106
2008
2018
2142
2147
2144
2094
2028
2074
2176
2272
2290
2242
2162
2154
2214
2184
2148
1990
1850
1802
1798
1866
1854
1739
1682
1694
1834
1982
2124
2168
2226
2267
2386
2506
2512
2422
2294
2244
2274
2282
2286
2182
2110
2010
2011
2086
2130
2074
2002
1950
1971
2058
2088
2058
1976
1947
1986
2091
2114
2096
2002
1979
2014
2058
2146
2150
2098
1995
2006
2090
2140
2146
2090
2010
2022
2078
2163
2171
2112
2019
2034
2118
2138
2150
2120
2051
2022
2062
2180
2192
2146
2064
2026
2050
2154
2162
2144
2054
2002
2054
2134
2176
2138
2032
1994
2030
2107
2146
2120
2008
1979
1971
2058
2114
2099
2027
1958
1962
2070
2104
2098
2046
1954
1995
2098
2122
2120
2070
2024
2024
2118
2171
2168
2090
2014
2002
2098
2178
2163
2134
2067
2022
2090
2170
2174
2120
2038
2027
2056
2152
2162
2138
2076
2026
2067
2184
2202
2122
2032
2034
2058
2139
2178
2138
2075
2014
2042
2122
2146
2154
2058
1992
2004
2118
2146
2113
2066
1994
2032
2104
2180
2126
2046
2038
2008
2064
2147
2154
2088
2028
2010
2074
2152
2162
2090
2018
1992
2091
2154
2176
2096
2034
1978
2096
2132
2131
2078
2034
2002
2038
2106
2147
2106
2038
2002
2016
2116
2138
2130
2032
2010
2056
2150
2154
2104
2050
2010
2058
2130
2160
2154
2080
2044
2002
2112
2184
2155
2080
2034
2026
2090
2139
2130
2090
1994
2000
2086
2142
2128
2058
2003
2003
2134
2186
2186
2136
2082
2019
2042
2136
2166
2114
2028
1970
2034
2122
2114
2052
1979
1938
1992
2116
2130
2096
2002
1976
2048
2130
2154
2130
2074
2011
2026
2106
2158
2146
2090
2006
2010
2144
2190
2146
2056
2003
2010
2142
2206
2235
2163
2162
2179
2304
2340
2296
2210
2080
1922
1962
1954
1926
1842
1706
1635
1707
1763
1840
1890
1912
2010
2208
2390
2440
2422
2387
2342
2392
2408
2398
2342
2218
2122
2114
2162
2146
2126
2024
1940
1963
2070
2088
2066
1961
1923
1962
2051
2123
2082
2014
1974
1994
2088
2128
2123
2080
1988
1994
2058
2152
2163
2074
2007
2026
2106
2152
2186
2090
2046
2022
2109
2192
2154
2138
2048
2026
2101
2176
2188
2152
2072
2024
2074
2162
2198
2142
2066
2006
2052
2162
2178
2098
2046
2000
2026
2123
2156
2128
2024
1984
2000
2080
2122
2112
2038
1970
1958
2048
2099
2083
2008
1962
1958
2038
2106
2072
2024
1950
1973
2080
2146
2146
2082
2034
2018
2083
2163
2195
2150
2051
2032
2088
2166
2171
2144
2058
1995
2074
2146
2170
2120
2062
2038
2104
2162
2154
2107
2026
2032
2050
2138
2192
2144
2053
2008
2048
2114
2178
2123
2082
1994
2008
2084
2170
2134
2064
2026
2027
2138
2186
2162
2076
2040
2002
2088
2152
2170
2118
2034
2010
2064
2130
2144
2088
2022
2014
2082
2162
2168
2088
2026
2022
2074
2146
2162
2104
2018
1987
2026
2130
2166
2114
2048
2002
2050
2136
2150
2106
2048
1992
2010
2125
2166
2092
2048
1996
2048
2138
2152
2130
2038
2034
1984
2098
2144
2128
2072
2018
2014
2098
2160
2163
2082
2042
2030
2102
2162
2154
2102
1994
2018
2084
2170
2170
2102
2050
2008
2058
2142
2173
2128
2040
2002
2032
2139
2160
2106
2018
1978
2032
2140
2156
2126
2026
2000
2008
2114
2128
2066
2072
1986
1986
2096
2131
2122
2046
1982
1992
2096
2146
2107
2080
2026
2036
2118
2174
2186
2082
2038
2043
2137
2170
2148
2128
2026
1994
2082
2202
2226
2234
2162
2162
2246
2299
2270
2170
2026
1914
1914
1930
1880
1818
1674
1628
1690
1794
1912
1924
1978
2022
2186
2374
2490
2492
2435
2338
2366
2428
2394
2315
2200
2086
2080
2130
2138
2091
1962
1931
1938
2037
2066
2072
2022
1962
1938
2008
2088
2096
2072
1982
1999
2088
2136
2145
2098
2034
2003
2090
2178
2182
2086
2032
2050
2096
2187
2186
2146
2080
2014
2056
2130
2186
2132
2050
2025
2059
2138
2186
2146
2066
2010
2074
2158
2198
2146
2032
2022
2042
2140
2149
2134
2050
1978
2010
2102
2118
2118
2042
1965
1986
2069
2128
2090
2018
1962
1946
2026
2066
2064
1990
1926
1954
2042
2072
2104
2066
1995
1958
2038
2130
2154
2106
2040
1986
2068
2170
2194
2138
2066
2034
2088
2202
2184
2160
2104
2072
2098
2146
2186
2171
2091
2010
2054
2134
2160
2139
2048
1970
2019
2112
2146
2122
2070
1995
2026
2130
2166
2176
2074
2016
2046
2088
2158
2174
2082
2034
2026
2074
2150
2184
2090
2014
2010
2096
2171
2152
2104
2024
1986
2071
2146
2139
2086
2019
1990
2058
2122
2152
2146
2048
2024
2040
2160
2179
2128
2043
2006
2050
2138
2142
2106
2042
1996
2035
2144
2152
2160
2040
1986
2018
2094
2146
2128
2080
2010
2015
2082
2166
2155
2094
2010
2000
2084
2152
2130
2058
2003
1978
2058
2146
2132
2088
2010
1992
2026
2146
2176
2146
2042
2011
2078
2130
2187
2152
2042
2018
2067
2136
2160
2154
2064
1982
2027
2154
2168
2110
2072
2021
2019
2144
2192
2147
2104
2016
2032
2091
2130
2141
2066
1992
1982
2086
2134
2091
2011
1943
1978
2074
2114
2107
2034
2002
1996
2096
2154
2176
2120
2027
2005
2074
2154
2178
2144
2035
2002
2040
2136
2146
2122
2068
2090
2202
2298
2331
2243
2226
2088
2067
2067
2042
1952
1802
1708
1698
1732
1760
1754
1734
1786
1920
2122
2264
2344
2354
2354
2386
2496
2488
2410
2346
2230
2182
2222
2218
2194
2118
2020
1976
2006
2096
2054
1974
1920
1915
1995
2078
2106
2054
1986
1978
2042
2126
2138
2115
2042
2003
2035
2170
2186
2154
2056
2002
2064
2154
2155
2102
2026
1962
2018
2112
2152
2112
2050
2026
2066
2146
2186
2178
2102
2026
2026
2138
2202
2194
2107
2042
2056
2130
2208
2154
2078
2024
2032
2098
2163
2139
2054
2002
1984
2064
2122
2132
2070
2000
1934
1974
2056
2070
2018
1946
1898
1970
2032
2064
2022
1954
1934
2000
2088
2100
2074
2018
2006
2066
2160
2184
2170
2112
2058
2064
2171
2218
2180
2112
2050
2058
2146
2184
2142
2090
2032
2050
2152
2192
2155
2096
2026
2035
2138
2168
2166
2082
2022
2000
2082
2170
2162
2099
2036
2020
2104
2162
2155
2088
2040
2008
2067
2154
2176
2102
2008
2016
2082
2136
2178
2150
2072
2018
2036
2160
2186
2146
2050
2018
2075
2146
2160
2128
2054
1990
2016
2124
2128
2090
2014
1978
2006
2082
2136
2136
2098
2024
2022
2096
2144
2128
2098
2010
2018
2086
2146
2122
2060
2026
1978
2088
2148
2154
2067
2022
2026
2058
2128
2154
2094
2035
2002
2034
2134
2150
2098
2058
2010
2082
2128
2136
2082
2021
1995
2051
2130
2138
2098
2026
1979
2027
2088
2166
2128
2080
2026
2058
2106
2164
2160
2062
2018
2030
2142
2200
2150
2096
2040
2042
2160
2184
2146
2080
2010
2016
2104
2154
2160
2066
2018
1970
2030
2112
2136
2064
1984
1971
2026
2128
2122
2097
1994
1990
2058
2154
2158
2123
2040
2032
2058
2126
2154
2130
2059
1978
2018
2094
2163
2120
2091
2038
2115
2218
2312
2312
2242
2182
2170
2208
2186
2068
1928
1824
1768
1800
1810
1766
1683
1618
1682
1872
2027
2139
2184
2232
2312
2448
2536
2500
2426
2322
2256
2264
2290
2227
2146
2064
1978
2040
2104
2094
2054
1950
1922
1932
2050
2090
2042
1978
1938
1988
2086
2130
2086
2025
1962
2022
2138
2155
2136
2074
2030
2024
2130
2142
2144
2067
2003
2014
2096
2146
2140
2064
2024
2011
2134
2182
2147
2088
2038
2046
2138
2194
2158
2122
2058
2026
2091
2152
2200
2122
2081
2022
2096
2146
2190
2128
2042
2006
2064
2144
2132
2072
2008
1961
2009
2082
2088
2072
1994
1904
1921
2042
2064
2048
2000
1942
1942
2064
2106
2098
2040
2002
1995
2106
2179
2150
2104
2032
2048
2134
2178
2176
2136
2082
2050
2129
2176
2194
2120
2054
2026
2086
2140
2152
2120
2028
1994
2090
2150
2163
2096
2050
2018
2096
2155
2192
2144
2074
2010
2058
2146
2174
2146
2064
2006
2014
2150
2170
2122
2048
2018
2034
2138
2176
2128
2082
2022
2058
2170
2162
2160
2098
2010
