2187
2148
2060
1993
2039
2171
2159
2109
2059
2035
2019
2129
2161
2181
2097
2031
2044
2139
2163
2201
2115
2025
2044
2108
2163
2158
2091
2025
2003
2093
2151
2131
2053
2028
1953
2033
2111
2140
2081
2015
1980
2028
2137
2155
2107
2033
2003
2065
2155
2161
2091
2017
2003
2049
2151
2171
2100
2052
2003
2019
2115
2171
2153
2107
2083
2130
2257
2315
2311
2245
2147
2137
2155
2103
2019
1868
1739
1727
1759
1739
1697
1673
1612
1675
1847
2079
2227
2289
2305
2339
2425
2500
2475
2363
2239
2193
2211
2233
2227
2145
2043
2003
2023
2099
2092
2065
1996
1947
1961
2069
2105
2071
1987
1937
2017
2111
2135
2153
2065
2039
2068
2163
2209
2129
2057
2003
2067
2153
2195
2185
2099
2023
2025
2115
2163
2167
2135
2063
2081
2139
2187
2177
2107
2037
2039
2139
2191
2179
2115
2035
2043
2111
2171
2171
2099
2051
1983
2027
2123
2153
2116
2049
1995
2059
2113
2099
2083
1993
1959
1996
2043
2083
2011
1915
1891
1929
2052
2069
2033
1975
1945
1967
2057
2115
2131
2031
1995
2019
2115
2151
2131
2059
2023
2033
2153
2211
2191
2098
2049
2081
2147
2180
2195
2127
2081
2055
2100
2199
2193
2139
2066
2033
2121
2167
2195
2131
2067
2019
2087
2161
2171
2111
2028
1987
2076
2111
2140
2105
2051
1995
2007
2101
2141
2131
2043
1979
2019
2097
2147
2124
2012
1983
2041
2103
2177
2131
2071
1991
2055
2078
2177
2177
2091
1995
1996
2100
2139
2151
2059
2004
2003
2091
2155
2151
2089
2011
1987
2065
2159
2153
2075
2007
2003
2051
2124
2187
2161
2035
2001
2083
2139
2179
2123
2067
2039
2071
2167
2196
2113
2085
2027
2067
2127
2169
2099
2035
1983
1975
2051
2131
2115
2087
2003
1995
2065
2169
2155
2073
2015
2019
2099
2171
2151
2081
2017
2031
2137
2183
2139
2067
2043
2011
2083
2141
2177
2142
2025
2004
2057
2149
2156
2129
2043
2031
2156
2265
2325
2299
2170
2121
2121
2132
2059
1948
1801
1737
1723
1787
1791
1727
1669
1665
1758
1959
2155
2273
2283
2331
2371
2483
2545
2491
2337
2257
2236
2251
2263
2196
2073
2036
1979
2043
2099
2115
2049
1955
1947
2035
2083
2107
2059
2001
1975
2065
2108
2145
2071
2019
1995
2081
2139
2131
2099
2028
2009
2049
2148
2185
2153
2049
1996
2075
2153
2171
2125
2043
2017
2019
2137
2131
2123
2031
1995
2025
2129
2193
2123
2085
2020
2027
2108
2172
2195
2099
2043
2017
2123
2169
2155
2067
2033
2007
2091
2145
2153
2036
1987
1987
2045
2091
2065
2035
1963
1899
1979
2059
2083
2015
1963
1899
2007
2075
2107
2092
2019
1963
2044
2131
2137
2131
2051
2011
2099
2187
2179
2207
2108
2059
2047
2146
2189
2184
2091
2019
2055
2132
2177
2169
2065
2019
2027
2121
2145
2123
2051
2003
2039
2140
2163
2177
2123
2033
2001
2099
2151
2163
2121
2035
1995
2115
2163
2171
2085
2028
2023
2097
2151
2165
2121
2051
2003
2107
2147
2159
2139
2027
2003
2012
2111
2163
2132
2069
1987
2028
2099
2165
2125
2055
1991
2051
2147
2161
2145
2027
2010
1993
2141
2153
2161
2065
2003
2003
2067
2135
2169
2112
2023
2001
2102
2161
2179
2092
2036
2043
2119
2168
2171
2123
2047
2051
2099
2153
2195
2161
2071
2019
2036
2123
2163
2100
2015
1979
2007
2119
2131
2105
2011
1971
2035
2107
2141
2105
2011
1988
2057
2062
2139
2124
2099
2023
2039
2121
2171
2139
2059
2011
2019
2081
2153
2147
2052
2007
2020
2075
2161
2151
2100
2053
2091
2143
2267
2315
2276
2181
2124
2139
2138
2081
1963
1845
1748
1749
1764
1769
1705
1699
1723
1897
2076
2204
2283
2299
2339
2379
2495
2539
2499
2381
2283
2235
2268
2267
2179
2100
1963
1956
2089
2081
2067
1983
1945
1971
2057
2076
2087
2003
1963
1971
2053
2137
2123
2091
2019
1991
2083
2154
2163
2095
2019
2019
2129
2177
2155
2091
2019
2003
2091
2171
2180
2097
2015
2007
2044
2139
2163
2131
2035
2005
2039
2153
2163
2099
2027
2011
2033
2127
2137
2108
2059
2001
2039
2169
2187
2131
2057
2011
2003
2100
2171
2155
2073
1957
1979
2083
2093
2089
2031
1977
1951
2015
2073
2083
2028
1969
1983
2089
2135
2123
2059
2017
2001
2051
2172
2179
2139
2071
2047
2081
2183
2199
2147
2091
2041
2071
2163
2211
2111
2051
2003
2075
2143
2155
2103
2060
1999
2028
2127
2179
2127
2083
2019
2051
2115
2163
2151
2059
2011
2035
2148
2172
2137
2067
2013
2016
2137
2187
2165
2105
2031
2021
2097
2163
2147
2083
2012
1983
2065
2124
2139
2081
2027
2012
2059
2140
2161
2099
2011
1996
2065
2159
2163
2133
2059
2002
2051
2139
2155
2115
2031
1979
2025
2129
2155
2115
2025
2009
2044
2115
2155
2123
2047
2011
2051
2107
2151
2124
2065
2019
2031
2091
2143
2177
2121
2033
2031
2135
2163
2140
2092
2041
2035
2092
2147
2169
2086
2044
2027
2135
2163
2187
2129
2073
2003
2033
2147
2155
2115
2039
1975
2028
2107
2129
2068
1987
1947
2003
2115
2155
2087
2033
1967
2025
2151
2161
2145
2083
2035
2015
2140
2188
2147
2107
2009
2019
2143
2148
2145
2095
2029
2075
2177
2273
2291
2243
2163
2155
2215
2185
2149
1991
1851
1803
1799
1867
1855
1740
1683
1695
1835
1983
2125
2169
2227
2268
2387
2507
2513
2423
2295
2245
2275
2283
2287
2183
2111
2011
2012
2087
2131
2075
2003
1951
1972
2059
2089
2059
1977
1948
1987
2092
2115
2097
2003
1980
2015
2059
2147
2151
2099
1996
2007
2091
2141
2147
2091
2011
2023
2079
2164
2172
2113
2020
2035
2119
2139
2151
2121
2052
2023
2063
2181
2193
2147
2065
2027
2051
2155
2163
2145
2055
2003
2055
2135
2177
2139
2033
1995
2031
2108
2147
2121
2009
1980
1972
2059
2115
2100
2028
1959
1963
2071
2105
2099
2047
1955
1996
2099
2123
2121
2071
2025
2025
2119
2172
2169
2091
2015
2003
2099
2179
2164
2135
2068
2023
2091
2171
2175
2121
2039
2028
2057
2153
2163
2139
2077
2027
2068
2185
2203
2123
2033
2035
2059
2140
2179
2139
2076
2015
2043
2123
2147
2155
2059
1993
2005
2119
2147
2114
2067
1995
2033
2105
2181
2127
2047
2039
2009
2065
2148
2155
2089
2029
2011
2075
2153
2163
2091
2019
1993
2092
2155
2177
2097
2035
1979
2097
2133
2132
2079
2035
2003
2039
2107
2148
2107
2039
2003
2017
2117
2139
2131
2033
2011
2057
2151
2155
2105
2051
2011
2059
2131
2161
2155
2081
2045
2003
2113
2185
2156
2081
2035
2027
2091
2140
2131
2091
1995
2001
2087
2143
2129
2059
2004
2004
2135
2187
2187
2137
2083
2020
2043
2137
2167
2115
2029
1971
2035
2123
2115
2053
1980
1939
1993
2117
2131
2097
2003
1977
2049
2131
2155
2131
2075
2012
2027
2107
2159
2147
2091
2007
2011
2145
2191
2147
2057
2004
2011
2143
2207
2236
2164
2163
2180
2305
2341
2297
2211
2081
1923
1963
1955
1927
1843
1707
1636
1708
1764
1841
1891
1913
2011
2209
2391
2441
2423
2388
2343
2393
2409
2399
2343
2219
2123
2115
2163
2147
2127
2025
1941
1964
2071
2089
2067
1962
1924
1963
2052
2124
2083
2015
1975
1995
2089
2129
2124
2081
1989
1995
2059
2153
2164
2075
2008
2027
2107
2153
2187
2091
2047
2023
2110
2193
2155
2139
2049
2027
2102
2177
2189
2153
2073
2025
2075
2163
2199
2143
2067
2007
2053
2163
2179
2099
2047
2001
2027
2124
2157
2129
2025
1985
2001
2081
2123
2113
2039
1971
1959
2049
2100
2084
2009
1963
1959
2039
2107
2073
2025
1951
1974
2081
2147
2147
2083
2035
2019
2084
2164
2196
2151
2052
2033
2089
2167
2172
2145
2059
1996
2075
2147
2171
2121
2063
2039
2105
2163
2155
2108
2027
2033
2051
2139
2193
2145
2054
2009
2049
2115
2179
2124
2083
1995
2009
2085
2171
2135
2065
2027
2028
2139
2187
2163
2077
2041
2003
2089
2153
2171
2119
2035
2011
2065
2131
2145
2089
2023
2015
2083
2163
2169
2089
2027
2023
2075
2147
2163
2105
2019
1988
2027
2131
2167
2115
2049
2003
2051
2137
2151
2107
2049
1993
2011
2126
2167
2093
2049
1997
2049
2139
2153
2131
2039
2035
1985
2099
2145
2129
2073
2019
2015
2099
2161
2164
2083
2043
2031
2103
2163
2155
2103
1995
2019
2085
2171
2171
2103
2051
2009
2059
2143
2174
2129
2041
2003
2033
2140
2161
2107
2019
1979
2033
2141
2157
2127
2027
2001
2009
2115
2129
2067
2073
1987
1987
2097
2132
2123
2047
1983
1993
2097
2147
2108
2081
2027
2037
2119
2175
2187
2083
2039
2044
2138
2171
2149
2129
2027
1995
2083
2203
2227
2235
2163
2163
2247
2300
2271
2171
2027
1915
1915
1931
1881
1819
1675
1629
1691
1795
1913
1925
1979
2023
2187
2375
2491
2493
2436
2339
2367
2429
2395
2316
2201
2087
2081
2131
2139
2092
1963
1932
1939
2038
2067
2073
2023
1963
1939
2009
2089
2097
2073
1983
2000
2089
2137
2146
2099
2035
2004
2091
2179
2183
2087
2033
2051
2097
2188
2187
2147
2081
2015
2057
2131
2187
2133
2051
2026
2060
2139
2187
2147
2067
2011
2075
2159
2199
2147
2033
2023
2043
2141
2150
2135
2051
1979
2011
2103
2119
2119
2043
1966
1987
2070
2129
2091
2019
1963
1947
2027
2067
2065
1991
1927
1955
2043
2073
2105
2067
1996
1959
2039
2131
2155
2107
2041
1987
2069
2171
2195
2139
2067
2035
2089
2203
2185
2161
2105
2073
2099
2147
2187
2172
2092
2011
2055
2135
2161
2140
2049
1971
2020
2113
2147
2123
2071
1996
2027
2131
2167
2177
2075
2017
2047
2089
2159
2175
2083
2035
2027
2075
2151
2185
2091
2015
2011
2097
2172
2153
2105
2025
1987
2072
2147
2140
2087
2020
1991
2059
2123
2153
2147
2049
2025
2041
2161
2180
2129
2044
2007
2051
2139
2143
2107
2043
1997
2036
2145
2153
2161
2041
1987
2019
2095
2147
2129
2081
2011
2016
2083
2167
2156
2095
2011
2001
2085
2153
2131
2059
2004
1979
2059
2147
2133
2089
2011
1993
2027
2147
2177
2147
2043
2012
2079
2131
2188
2153
2043
2019
2068
2137
2161
2155
2065
1983
2028
2155
2169
2111
2073
2022
2020
2145
2193
2148
2105
2017
2033
2092
2131
2142
2067
1993
1983
2087
2135
2092
2012
1944
1979
2075
2115
2108
2035
2003
1997
2097
2155
2177
2121
2028
2006
2075
2155
2179
2145
2036
2003
2041
2137
2147
2123
2069
2091
2203
2299
2332
2244
2227
2089
2068
2068
2043
1953
1803
1709
1699
1733
1761
1755
1735
1787
1921
2123
2265
2345
2355
2355
2387
2497
2489
2411
2347
2231
2183
2223
2219
2195
2119
2021
1977
2007
2097
2055
1975
1921
1916
1996
2079
2107
2055
1987
1979
2043
2127
2139
2116
2043
2004
2036
2171
2187
2155
2057
2003
2065
2155
2156
2103
2027
1963
2019
2113
2153
2113
2051
2027
2067
2147
2187
2179
2103
2027
2027
2139
2203
2195
2108
2043
2057
2131
2209
2155
2079
2025
2033
2099
2164
2140
2055
2003
1985
2065
2123
2133
2071
2001
1935
1975
2057
2071
2019
1947
1899
1971
2033
2065
2023
1955
1935
2001
2089
2101
2075
2019
2007
2067
2161
2185
2171
2113
2059
2065
2172
2219
2181
2113
2051
2059
2147
2185
2143
2091
2033
2051
2153
2193
2156
2097
2027
2036
2139
2169
2167
2083
2023
2001
2083
2171
2163
2100
2037
2021
2105
2163
2156
2089
2041
2009
2068
2155
2177
2103
2009
2017
2083
2137
2179
2151
2073
2019
2037
2161
2187
2147
2051
2019
2076
2147
2161
2129
2055
1991
2017
2125
2129
2091
2015
1979
2007
2083
2137
2137
2099
2025
2023
2097
2145
2129
2099
2011
2019
2087
2147
2123
2061
2027
1979
2089
2149
2155
2068
2023
2027
2059
2129
2155
2095
2036
2003
2035
2135
2151
2099
2059
2011
2083
2129
2137
2083
2022
1996
2052
2131
2139
2099
2027
1980
2028
2089
2167
2129
2081
2027
2059
2107
2165
2161
2063
2019
2031
2143
2201
2151
2097
2041
2043
2161
2185
2147
2081
2011
2017
2105
2155
2161
2067
2019
1971
2031
2113
2137
2065
1985
1972
2027
2129
2123
2098
1995
1991
2059
2155
2159
2124
2041
2033
2059
2127
2155
2131
2060
1979
2019
2095
2164
2121
2092
2039
2116
2219
2313
2313
2243
2183
2171
2209
2187
2069
1929
1825
1769
1801
1811
1767
1684
1619
1683
1873
2028
2140
2185
2233
2313
2449
2537
2501
2427
2323
2257
2265
2291
2228
2147
2065
1979
2041
2105
2095
2055
1951
1923
1933
2051
2091
2043
1979
1939
1989
2087
2131
2087
2026
1963
2023
2139
2156
2137
2075
2031
2025
2131
2143
2145
2068
2004
2015
2097
2147
2141
2065
2025
2012
2135
2183
2148
2089
2039
2047
2139
2195
2159
2123
2059
2027
2092
2153
2201
2123
2082
2023
2097
2147
2191
2129
2043
2007
2065
2145
2133
2073
2009
1962
2010
2083
2089
2073
1995
1905
1922
2043
2065
2049
2001
1943
1943
2065
2107
2099
2041
2003
1996
2107
2180
2151
2105
2033
2049
2135
2179
2177
2137
2083
2051
2130
2177
2195
2121
2055
2027
2087
2141
2153
2121
2029
1995
2091
2151
2164
2097
2051
2019
2097
2156
2193
2145
2075
2011
2059
2147
2175
2147
2065
2007
2015
2151
2171
2123
2049
2019
2035
2139
2177
2129
2083
2023
2059
2171
2163
2161
2099
2011
