136
1123
1104
1090
1092
1104
1123
1137
1
2079
2072
2072
2068
2042
2051
2058
2067
2081
2091
2097
2096
2114
2113
2130
2139
2166
2170
2175
2147
2122
2088
2082
2072
2058
2066
2078
2090
2086
2071
2075
2085
2086
2099
2105
2115
2112
2096
2079
2064
2076
2078
2091
2091
2099
2082
2083
2074
2069
2075
2091
2114
2131
2150
2163
2146
2129
2128
2099
2094
2089
2082
2056
2043
2048
2053
2064
2082
2089
2113
2115
2129
2131
2123
2117
2106
2107
2106
2099
2099
2098
2096
2100
2096
2085
2085
2067
2073
2059
2065
2058
2075
2088
2096
2129
2123
2137
2142
2136
2146
2134
2139
2126
2104
2098
2077
2070
2078
2090
2097
2106
2107
2094
2074
2077
2067
2079
2088
2102
2112
2109
2093
2066
2058
2057
2043
2062
2056
2059
2039
2029
2019
2032
2027
2042
2051
2079
2078
2090
2098
2105
2118
2147
2150
2153
2142
2131
2104
2099
2100
2106
2104
2099
2096
2096
2083
2075
2082
2090
2115
2135
2147
2149
2161
2163
2169
2170
2203
2237
2235
2251
2242
2233
2216
2192
2162
2130
2107
2041
2003
1951
1899
1851
1818
1779
1749
1731
1736
1739
1778
1827
1894
1963
2034
2123
2177
2234
2277
2320
2353
2378
2392
2399
2399
2387
2347
2323
2299
2266
2243
2227
2194
2155
2120
2101
2066
2062
2056
2049
2064
2065
2059
2044
2021
2031
2042
2039
2030
2048
2030
2027
2014
2014
2014
2015
2025
2060
2074
2078
2087
2098
2106
2128
2139
2149
2169
2155
2151
2139
2135
2142
2137
2122
2107
2082
2054
2046
2049
2056
2065
2097
2113
2138
2128
2143
2129
2145
2138
2131
2131
2120
2112
2094
2089
2082
2088
2096
2097
2115
2119
2122
2115
2136
2139
2158
2155
2143
2123
2092
2081
2082
2067
2067
2075
2066
2064
2064
2070
2072
2067
2081
2094
2102
2115
2118
2105
2089
2075
2059
2033
2042
2023
2026
2000
2010
1995
1994
2002
1998
2007
1995
2000
1991
1995
2014
2035
2054
2066
2075
2083
2075
2086
2088
2088
2107
2118
2131
2131
2131
2135
2130
2143
2149
2147
2160
2153
2130
2115
2106
2115
2120
2113
2115
2116
2114
2095
2097
2074
2075
2074
2071
2075
2097
2089
2096
2098
2107
2116
2131
2142
2133
2120
2113
2113
2121
2129
2130
2139
2136
2122
2113
2115
2118
2126
2130
2115
2120
2083
2064
2048
2026
2033
2037
2051
2052
2058
2060
2083
2097
2112
2124
2143
2153
2153
2133
2123
2106
2094
2075
2083
2075
2069
2066
2082
2074
2089
2106
2103
2110
2107
2114
2109
2110
2114
2114
2113
2123
2112
2101
2075
2043
2035
2042
2056
2073
2082
2109
2130
2134
2131
2129
2122
2130
2128
2123
2109
2079
2075
2048
2027
2015
2022
2023
2050
2051
2061
2079
2095
2114
2139
2160
2166
2171
2162
2131
2114
2102
2107
2090
2099
2071
2073
2056
2033
2014
2031
2059
2078
2099
2115
2122
2126
2130
2130
2143
2143
2143
2138
2128
2128
2128
2117
2115
2108
2097
2088
2064
2064
2043
2040
2056
2083
2083
2096
2107
2112
2106
2100
2097
2115
2122
2107
2115
2107
2096
2113
2117
2114
2113
2097
2086
2067
2049
2039
2043
2051
2067
2071
2073
2070
2065
2038
2027
2033
2051
2056
2057
2067
2064
2067
2075
2082
2094
2109
2137
2143
2140
2146
2132
2129
2134
2130
2128
2115
2114
2091
2075
2059
2043
2050
2043
2063
2074
2078
2091
2103
2113
2135
2123
2119
2098
2078
2053
2051
2062
2091
2128
2173
2214
2233
2264
2267
2265
2251
2240
2224
2186
2136
2088
2036
1994
1949
1913
1878
1846
1808
1779
1749
1751
1755
1793
1846
1895
1956
2026
2094
2160
2235
2276
2320
2361
2362
2370
2357
2323
2317
2298
2283
2275
2259
2238
2207
2163
2149
2123
2101
2091
2075
2045
2029
2015
2007
2004
2015
2027
2041
2059
2082
2079
2088
2098
2107
2114
2121
2139
2119
2100
2078
2067
2058
2043
2051
2048
2043
2024
2024
2025
2043
2067
2091
2114
2142
2143
2146
2155
2143
2146
2155
2131
2130
2120
2090
2064
2049
2042
2035
2051
2056
2067
2071
2074
2088
2086
2098
2118
2142
2154
2162
2170
2180
2177
2176
2162
2146
2130
2102
2097
2073
2056
2056
2072
2091
2104
2104
2099
2082
2064
2049
2043
2058
2062
2067
2083
2075
2088
2090
2086
2081
2075
2059
2035
2020
1997
1976
1963
1961
1951
1955
1961
1955
1958
1975
1977
1990
2018
2050
2067
2088
2078
2088
2096
2101
2112
2130
2150
2139
2131
2143
2131
2123
2131
2139
2147
2153
2147
2146
2154
2143
2138
2143
2162
2143
2146
2129
2121
2110
2107
2106
2113
2126
2122
2120
2094
2059
2056
2062
2074
2088
2099
2101
2094
2103
2107
2127
2152
2162
2165
2152
2126
2107
2075
2075
2070
2079
2083
2090
2098
2090
2088
2098
2101
2112
2112
2120
2105
2098
2086
2086
2083
2091
2099
2096
2098
2083
2083
2087
2097
2104
2105
2114
2113
2107
2098
2079
2083
2097
2081
2097
2091
2094
2089
2079
2078
2080
2079
2094
2102
2088
2082
2081
2074
2085
2089
2088
2094
2107
2104
2098
2104
2090
2091
2098
2098
2099
2104
2090
2107
2106
2105
2107
2107
2123
2129
2150
2147
2163
2161
2150
2155
2143
2131
2123
2128
2120
2130
2154
2139
2142
2163
2153
2147
2128
2137
2139
2143
2150
2150
2139
2128
2106
2105
2095
2095
2093
2098
2102
2082
2073
2056
2067
2090
2087
2096
2098
2099
2107
2107
2120
2130
2142
2162
2177
2200
2200
2195
2173
2153
2142
2133
2135
2130
2113
2090
2082
2082
2074
2091
2089
2088
2073
2067
2048
2042
2048
2050
2058
2066
2067
2071
2062
2064
2042
2026
2019
2022
2024
2027
2027
2027
2042
2050
2059
2083
2091
2088
2080
2093
2090
2094
2109
2114
2138
2128
2118
2114
2107
2094
2097
2114
2113
2102
2102
2094
2099
2105
2109
2129
2131
2136
2115
2103
2090
2083
2072
2082
2098
2123
2155
2186
2206
2218
2218
2203
2199
2194
2203
2188
2185
2171
2171
2170
2143
2122
2094
2059
2018
1992
1971
1970
1977
1963
1954
1933
1915
1904
1867
1873
1865
1878
1927
1963
2015
2067
2121
2190
2243
2302
2355
2394
2411
2399
2361
2331
2279
2228
2190
2150
2123
2120
2122
2128
2137
2147
2139
2131
2130
2112
2098
2078
2067
2051
2015
1979
1947
1899
1874
1842
1845
1867
1891
1937
1975
2010
2027
2039
2065
2085
2107
2113
2115
2147
2145
2154
2168
2178
2187
2186
2192
2181
2184
2155
2152
2122
2114
2091
2088
2072
2075
2064
2073
2051
2027
2015
2011
2026
2024
2051
2056
2057
2079
2098
2114
2114
2091
2056
2019
1976
1972
1995
2074
2133
2172
2206
2246
2267
2282
2305
2294
2304
2283
2242
2207
2149
2102
2075
2035
2001
1970
1947
1918
1906
1898
1907
1925
1942
1970
1995
2011
2027
2035
2058
2069
2069
2080
2062
2050
2039
2023
2022
2034
2039
2043
2043
2041
2051
2058
2066
2049
2046
2036
2038
2048
2067
2067
2098
2121
2157
2171
2198
2192
2187
2184
2170
2162
2143
2147
2143
2155
2146
2149
2139
2139
2136
2138
2136
2136
2128
2122
2114
2096
2098
2090
2089
2083
2078
2072
2088
2100
2112
2146
2163
2171
2167
2147
2136
2107
2104
2082
2078
2067
2059
2063
2061
2064
2058
2056
2072
2073
2089
2090
2075
2073
2069
2067
2067
2083
2097
2130
2143
2152
2147
2135
2127
2106
2075
2058
2039
2015
1999
1995
2007
2011
2032
2035
2041
2056
2053
2067
2075
2089
2106
2120
2123
2122
2117
2107
2095
2090
2094
2104
2128
2131
2134
2131
2123
2107
2090
2075
2071
2064
2080
2088
2097
2123
2150
2147
2151
2160
2148
2131
2122
2102
2082
2067
2059
2059
2061
2055
2062
2057
2063
2056
2059
2079
2098
2106
2122
2131
2128
2126
2116
2099
2077
2058
2058
2057
2055
2068
2071
2079
2093
2107
2114
2115
2117
2118
2110
2107
2107
2099
2105
2110
2098
2089
2089
2082
2077
2086
2091
2093
2103
2115
2128
2134
2143
2136
2135
2138
2130
2122
2106
2107
2107
2114
2107
2102
2090
2067
2061
2058
2050
2040
2050
2050
2059
2073
2077
2086
2112
2128
2140
2137
2134
2128
2105
2115
2105
2114
2114
2114
2105
2102
2087
2074
2071
2069
2050
2056
2043
2026
2027
2051
2054
2083
2114
2136
2143
2154
2162
2162
2142
2150
2136
2123
2115
2098
2081
2082
2078
2079
2082
2099
2111
2132
2147
2154
2156
2155
2143
2115
2112
2074
2040
2015
1986
1985
1971
2000
2006
2034
2053
2061
2070
2079
2098
2097
2105
2095
2101
2083
2082
2078
2075
2082
2090
2096
2104
2118
2118
2120
2122
2113
2107
2107
2088
2075
2066
2050
2045
2050
2059
2067
2070
2075
2075
2095
2099
2105
2115
2128
2134
2139
2130
2134
2139
2139
2150
2155
2187
2195
2215
2224
2221
2229
2203
2195
2169
2152
2118
2091
2050
2009
1977
1960
1931
1895
1868
1832
1790
1770
1758
1758
1787
1826
1885
1942
2015
2103
2178
2235
2297
2341
2367
2395
2394
2386
2369
2343
2321
2280
2248
2221
2179
2155
2139
2138
2115
2114
2107
2091
2067
2033
2015
2010
1992
1998
1995
2011
2025
2038
2058
2064
2075
2082
2101
2113
2106
2118
2115
2128
2119
2115
2123
2114
2123
2114
2114
2115
2115
2123
2120
2114
2114
2104
2091
2090
2085
2074
2073
2075
2089
2083
2099
2100
2115
2119
2128
2137
2153
2155
2162
2152
2131
2121
2098
2077
2078
2069
2072
2066
2064
2073
2090
2107
2112
2128
2123
2131
2130
2117
2107
2104
2091
2098
2107
2086
2094
2089
2099
2091
2090
2099
2099
2114
2106
2112
2097
2091
2074
2059
2042
2026
2015
2011
2003
2001
2002
2006
2011
2014
2010
2003
2011
2007
2018
2019
2033
2039
2043
2049
2064
2069
2067
2073
2085
2075
2081
2091
2083
2082
2090
2085
2094
2096
2099
2094
2091
2097
2098
2103
2107
2106
2120
2122
2120
2116
2115
2123
2134
2131
2149
2152
2152
2146
2146
2141
2131
2123
2115
2112
2095
2099
2077
2091
2076
2073
2097
2095
2107
2097
2099
2107
2097
2115
2121
2131
2127
2128
2128
2114
2120
2114
2112
2106
2107
2106
2101
2099
2107
2104
2121
2114
2118
2107
2112
2090
2067
2064
2056
2057
2056
2058
2049
2043
2051
2050
2061
2074
2089
2091
2095
2112
2107
2122
2129
2140
2150
2165
2155
2154
2131
2112
2083
2051
2027
2011
2002
2000
2007
2010
2019
2026
2054
2074
2091
2104
2115
2131
2130
2138
2137
2145
2147
2155
2152
2154
2153
2166
2160
2151
2139
2128
2112
2086
2067
2064
2056
2050
2056
2070
2073
2079
2096
2094
2101
2102
2123
2136
2145
2153
2147
2147
2138
2128
2115
2107
2103
2106
2106
2115
2101
2106
2091
2083
2064
2054
2050
2040
2043
2043
2059
2079
2096
2103
2123
2133
2139
2152
2141
2155
2152
2141
2131
2122
2109
2106
2099
2096
2094
2096
2091
2114
2115
2114
2128
2122
2121
2122
2095
2077
2066
2051
2041
2037
2038
2050
2058
2077
2074
2086
2083
2085
2107
2116
2121
2122
2121
2112
2104
2099
2090
2091
2083
2096
2089
2083
2088
2094
2096
2101
2112
2107
2112
2107
2109
2104
2105
2105
2108
2113
2115
2114
2115
2107
2110
2107
2112
2107
2098
2098
2088
2089
2078
2079
2083
2096
2091
2101
2099
2104
2096
2099
2112
2112
2131
2131
2130
2137
2138
2136
2135
2128
2131
2106
2096
2081
2070
2066
2075
2077
2095
2103
2107
2121
2104
2107
2091
2075
2069
2062
2059
2054
2050
2056
2056
2070
2066
2075
2085
2090
2091
2098
2097
2095
2091
2089
2094
2094
2075
2074
2073
2065
2070
2067
2079
2075
2087
2086
2086
2088
2078
2096
2095
2099
2107
2107
2106
2110
2105
2103
2114
2099
2120
2107
2104
2091
2083
2082
2064
2067
2067
2072
2082
2091
2110
2136
2169
2202
2232
2257
2267
2266
2258
2248
2227
2200
2161
2121
2064
2003
1962
1917
1880
1843
1815
1777
1759
1736
1746
1759
1798
1860
1915
1990
2058
2130
2187
2232
2288
2334
2358
2378
2379
2370
2360
2334
2304
2281
2258
2239
2203
2193
2163
2124
2113
2103
2091
2089
2083
2074
2075
2072
2066
2051
2053
2051
2050
2056
2056
2043
2054
2048
2059
2061
2070
2082
2093
2099
2091
2091
2105
2102
2114
2115
2114
2119
2113
2106
2099
2088
2088
2091
2096
2087
2083
2070
2067
2072
2064
2067
2088
2079
2090
2095
2095
2104
2126
2129
2137
2145
2153
2142
2139
2138
2147
2139
2155
2144
2160
2138
2139
2134
2122
2126
2121
2120
2115
2113
2090
2074
2069
2064
2066
2079
2075
2075
2082
2073
2077
2067
2079
2083
2083
2090
2078
2071
2066
2064
2065
2075
2052
2059
2046
2035
2027
2024
2011
2015
2010
2010
2006
1998
1998
2008
2010
2019
2031
2020
2035
2022
2027
2034
2026
2038
2053
2075
2069
2069
2088
2082
2095
2112
2110
2130
2142
2137
2146
2143
2143
2148
2150
2139
2141
2138
2133
2131
2123
2136
2136
2145
2145
2142
2143
2123
2107
2101
2104
2101
2102
2112
2096
2098
2086
2088
2108
2103
2107
2122
2114
2112
2099
2091
2099
2099
2106
2106
2109
2106
2091
2091
2083
2104
2091
2106
2106
2090
2094
2088
2073
2071
2083
2078
2083
2079
2082
2091
2088
2095
2097
2107
2118
2128
2123
2127
2109
2107
2106
2105
2102
2107
2090
2097
2103
2091
2098
2094
2095
2114
2107
2103
2101
2096
2087
2098
2095
2096
2098
2090
2091
2085
2075
2088
2099
2099
2112
2094
2095
2089
2096
2086
2101
2109
2122
2118
2125
2117
2113
2106
2112
2105
2102
2099
2087
2074
2071
2058
2066
2059
2074
2079
2078
2096
2093
2093
2086
2086
2091
2085
2086
2091
2074
2074
2075
2082
2091
2107
2110
2115
2106
2104
2105
2112
2106
2109
2104
2098
2088
2067
2071
2056
2070
2079
2080
2088
2103
2091
2091
2104
2098
2099
2103
2099
2088
2087
2079
2075
2075
2096
2091
2105
2106
2102
2095
2102
2105
2117
2123
2131
2137
2136
2125
2118
2096
2091
2105
2098
2101
2091
2106
2106
2106
2112
2123
2129
2151
2150
2143
2134
2117
2107
2111
2106
2091
2090
2062
2050
2050
2030
2035
2043
2048
2053
2049
2062
2057
2067
2083
2091
2097
2109
2105
2099
2089
2083
2082
2085
2086
2096
2087
2091
2081
2083
2098
2099
2106
2114
2117
2124
2115
2115
2109
2112
2102
2091
2101
2083
2079
2064
2066
2075
2069
2083
2098
2113
2113
2107
2104
2102
2098
2091
2098
2115
2133
2143
2163
2190
2211
2248
2267
2273
2256
2243
2210
2169
2138
2091
2043
1990
1947
1904
1870
1835
1794
1779
1755
1762
1771
1798
1832
1875
1926
1987
2065
2130
2195
2243
2281
2307
2331
2347
2353
2351
2358
2338
2318
2286
2264
2250
2219
2210
2195
2184
2158
2138
2114
2102
2077
2064
2055
2035
2024
2014
2000
1998
2003
1997
2002
2022
2035
2050
2056
2066
2089
2083
2106
2117
2114
2119
2106
2102
2106
2106
2114
2112
2106
2115
2107
2098
2101
2103
2099
2097
2088
2093
2093
2079
2083
2070
2082
2099
2120
2131
2131
2131
2123
2120
2112
2098
2106
2109
2102
2090
2088
2083
2089
2093
2106
2115
2115
2123
2119
2114
2122
2123
2121
2131
2143
2155
2154
2152
2143
2133
2123
2128
2101
2087
2079
2054
2036
2034
2027
2038
2038
2035
2048
2033
2035
2041
2056
2050
2051
2048
2038
2034
2015
2019
2011
2006
1999
2014
2008
2003
2002
2005
2010
2019
2039
2053
2065
2075
2083
2091
2106
2121
2122
2139
2146
2155
2146
2136
2130
2121
2112
2113
2107
2103
2098
2088
2075
2077
2081
2097
2106
2114
2122
2121
2123
2129
2126
2131
2145
2147
2140
2133
2115
2122
2128
2128
2123
2129
2113
2115
2105
2099
2107
2112
2115
2131
2129
2135
2122
2122
2122
2121
2112
2105
2106
2096
2091
2091
2065
2070
2071
2067
2064
2059
2064
2054
2064
2063
2066
2085
2091
2096
2083
2101
2098
2098
2105
2111
2122
2129
2121
2131
2130
2135
2138
2150
2151
2155
2150
2133
2113
2089
2075
2059
2056
2051
2048
2064
2055
2071
2086
2090
2099
2096
2091
2088
2075
2069
2067
2066
2071
2083
2099
2099
2107
2114
2112
2105
2112
2114
2127
2135
2130
2130
2115
2098
2067
2049
2041
2042
2032
2040
2051
2072
2098
2118
2122
2123
2130
2116
2096
2074
2059
2059
2071
2078
2090
2094
2090
2083
2103
2098
2106
2113
2110
2123
2107
2115
2104
2128
2122
2123
2131
2128
2118
2114
2105
2102
2099
2098
2107
2106
2104
2097
2089
2099
2102
2108
2113
2107
2099
2101
2082
2083
2072
2067
2056
2053
2049
2051
2046
2048
2072
2078
2091
2111
2122
2128
2121
2137
2131
2131
2134
2136
2123
2115
2109
2106
2101
2096
2114
2112
2131
2128
2123
2099
2107
2105
2106
2099
2096
2083
2081
2073
2070
2065
2059
2079
2075
2075
2075
2078
2082
2072
2075
2089
2091
2095
2091
2102
2089
2091
2079
2087
2090
2094
2096
2096
2094
2091
2094
2094
2097
2111
2101
2110
2117
2128
2153
2176
2187
2179
2170
2130
2102
2059
2027
1991
1986
1989
1995
2010
2026
2037
2074
2109
2143
2204
2243
2263
2282
2291
2278
2256
2250
2223
2192
2154
2097
2056
2002
1958
1926
1887
1870
1838
1815
1806
1808
1805
1829
1857
1891
1941
2001
2064
2113
2166
2213
2259
2303
2327
2352
2354
2343
2330
2307
2306
2282
2249
2229
2207
2194
2166
2155
2139
2122
2106
2095
2090
2067
2043
2040
2031
2032
2034
2033
2035
2046
2058
2059
2059
2072
2088
2083
2099
2088
2083
2074
2058
2035
2034
2048
2051
2057
2078
2091
2099
2083
2097
2097
2090
2087
2085
2090
2083
2091
2099
2112
2126
2129
2137
2130
2135
2123
2107
2103
2096
2098
2095
2099
2099
2098
2102
2104
2099
2106
2119
2103
2107
2090
2099
2099
2089
2109
2118
2123
2128
2139
2149
2154
2162
2154
2143
2119
2102
2079
2057
2043
2025
2034
2039
2048
2051
2055
2055
2058
2059
2066
2059
2075
2075
2064
2057
2054
2040
2034
2027
2024
2019
2023
2015
2022
2015
2028
2026
2035
2043
2043
2034
2039
2035
2021
2030
2035
2039
2043
2043
2057
2066
2073
2097
2119
2137
2156
2171
2175
2178
2179
2171
2173
2167
2155
2139
2135
2123
2130
2103
2113
2122
2115
2128
2131
2126
2123
2128
2147
2160
2163
2175
2184
2184
2161
2138
2110
2088
2074
2055
2040
2027
2035
2034
2043
2058
2078
2085
2088
2091
2075
2075
2072
2077
2096
2094
2114
2112
2115
2126
2121
2127
2115
2123
2127
2123
2120
2115
2123
2127
2129
2131
2128
2122
2106
2074
2057
2034
2027
2035
2041
2041
2051
2058
2077
2074
2091
2083
2094
2105
2112
2114
2109
2112
2110
2112
2120
2122
2109
2107
2097
2105
2111
2123
2135
2143
2150
2145
2120
2106
2089
2073
2056
2051
2034
2027
2024
2024
2022
2035
2050
2064
2079
2091
2107
2120
2134
2137
2129
2122
2122
2122
2115
2109
2105
2096
2115
2126
2136
2147
2139
2138
2117
2107
2091
2085
2079
2076
2075
2075
2056
2048
2037
2035
2041
2050
2059
2069
2075
2087
2099
2110
2127
2136
2150
2147
2139
2143
2137
2123
2122
2122
2106
2103
2104
2093
2083
2076
2078
2074
2086
2082
2082
2083
2091
2079
2095
2091
2096
2103
2107
2107
2095
2090
2091
2107
2122
2112
2128
2123
2129
2114
2114
2106
2099
2096
2075
2064
2038
2019
2014
2015
2019
2030
2043
2069
2082
2083
2095
2110
2123
2139
2154
2160
2155
2155
2158
2155
2137
2146
2131
2125
2112
2106
2079
2075
2066
2067
2083
2079
2083
2087
2089
2090
2082
2089
2095
2101
2103
2098
2093
2098
2090
2098
2097
2090
2098
2091
2083
2067
2067
2082
2088
2090
2097
2086
2083
2067
2066
2051
2046
2051
2059
2053
2058
2056
2059
2062
2081
2091
2099
2107
2098
2106
2110
2112
2119
2121
2131
2143
2147
2140
2123
2105
2093
2083
2096
2106
2121
2138
2155
2192
2221
2245
2265
2283
2279
2273
2251
2217
2186
2139
2093
2046
2006
1964
1922
1879
1854
1818
1787
1771
1763
1778
1802
1838
1874
1931
2006
2075
2154
2202
2243
2275
2305
2335
2360
2363
2362
2347
2323
2281
2229
2181
2131
2107
2087
2060
2053
2050
2036
2050
2051
2057
2069
2086
2102
2107
2114
2115
2112
2115
2115
2114
2128
2123
2121
2107
2102
2102
2115
2122
2146
2147
2130
2107
2078
2051
2030
2011
2015
2003
2015
2011
2014
2034
2047
2070
2079
2115
2115
2128
2126
2123
2127
2122
2113
2114
2104
2101
2089
2096
2091
2090
2090
2104
2122
2107
2121
2123
2118
2129
2130
2143
2162
2168
2166
2163
2143
2134
2130
2123
2128
2114
2123
2115
2102
2091
2088
2075
2057
2033
2027
2014
2015
2011
2011
2026
2033
2056
2064
2069
2066
2079
2079
2072
2082
2091
2085
2098
2089
2079
2059
2059
2049
2041
2036
2035
2026
2015
2009
2002
2011
2007
2011
2022
2034
2035
2042
2053
2067
2082
2098
2122
2138
2143
2154
2147
2160
2162
2176
2163
2155
2143
2109
2093
2079
2059
2045
2048
2043
2066
2073
2083
2107
2121
2136
2161
2176
2171
2171
2165
2178
2183
2179
2187
2182
2184
2171
2163
2143
2120
2091
2093
2072
2058
2049
2049
2043
2059
2066
2081
2073
2082
2091
2094
2098
2099
2113
2126
2126
2133
2130
2115
2102
2075
2071
2067
2062
2067
2072
2082
2083
2074
2090
2093
2117
2123
2123
2131
2121
2112
2104
2097
2098
2088
2101
2091
2075
2078
2074
2078
2083
2104
2114
2121
2105
2101
2097
2081
2075
2087
2090
2107
2115
2120
2105
2099
2096
2079
2083
2071
2067
2056
2065
2058
2073
2079
2097
2107
2107
2106
2114
2103
2107
2119
2114
2107
2098
2097
2079
2064
2067
2065
2068
2075
2078
2091
2098
2104
2105
2118
2129
2142
2142
2147
2125
2110
2090
2075
2059
2051
2043
2050
2048
2050
2043
2066
2066
2083
2114
2131
2153
2146
2147
2139
2126
2119
2114
2112
2091
2078
2065
2057
2066
2072
2068
2083
2090
2095
2105
2101
2098
2115
2123
2141
2139
2136
2139
2122
2138
2139
2130
2126
2128
2104
2079
2071
2057
2040
2034
2015
2015
2015
2026
2027
2045
2059
2075
2091
2107
2131
2139
2139
2135
2142
2137
2142
2135
2139
2143
2134
2104
2082
2090
2064
2070
2070
2065
2072
2065
2079
2071
2078
2086
2102
2114
2130
2128
2128
2123
2128
2136
2136
2131
2114
2106
2088
2091
2079
2082
2079
2096
2091
2089
2083
2075
2079
2078
2088
2107
2111
2126
2128
2128
2122
2107
2098
2100
2083
2079
2072
2074
2065
2064
2079
2086
2102
2099
2090
2091
2075
2079
2079
2079
2091
2102
2098
2097
2090
2083
2074
2067
2059
2059
2074
2074
2069
2078
2090
2090
2099
2098
2107
2114
2113
2110
2120
2123
2122
2133
2136
2123
2106
2098
2082
2079
2083
2075
2083
2074
2050
2054
2035
2039
2048
2070
2108
2142
2182
2211
2243
2271
2281
2296
2291
2275
2246
2211
2177
2131
2078
2027
1990
1960
1922
1887
1835
1779
1743
1730
1734
1754
1798
1843
1895
1975
2035
2106
2184
2258
2322
2369
2387
2411
2399
2381
2360
2331
2313
2274
2240
2201
2153
2123
2101
2074
2077
2057
2059
2049
2039
2043
2041
2051
2058
2066
2075
2072
2067
2075
2075
2094
2099
2106
2104
2106
2107
2098
2087
2086
2090
2097
2105
2098
2099
2091
2074
2067
2056
2049
2056
2051
2054
2059
2052
2058
2074
2090
2098
2101
2107
2112
2104
2104
2104
2117
2134
2128
2139
2137
2135
2137
2128
2143
2143
2131
2143
2139
2137
2142
2147
2149
2139
2137
2119
2115
2097
2088
2075
2071
2090
2098
2107
2106
2094
2094
2074
2067
2066
2066
2066
2074
2067
2064
2071
2065
2067
2071
2075
2075
2069
2065
2062
2056
2050
2051
2050
2039
2038
2033
2018
2019
2009
2011
2029
2026
2035
2039
2033
2031
2027
2040
2051
2069
2082
2091
2098
2098
2098
2082
2086
2085
2081
2099
2095
2100
2107
2118
2122
2129
2128
2122
2112
2112
2098
2096
2107
2112
2112
2115
2120
2107
2115
2113
2115
2130
2122
2129
2136
2128
2132
2120
2123
2122
2133
2137
2139
2146
2137
2129
2118
2112
2103
2104
2107
2105
2099
2098
2091
2082
2085
2089
2091
2102
2096
2101
2083
2082
2078
2083
2082
2096
2091
2091
2091
2099
2120
2127
2138
2142
2139
2139
2128
2111
2098
2083
2091
2083
2078
2064
2058
2057
2056
2057
2057
2075
2083
2091
2099
2098
2091
2113
2113
2116
2118
2112
2114
2104
2107
2106
2098
2115
2115
2116
2106
2107
2101
2091
2090
2074
2075
2075
2071
2072
2078
2091
2102
2104
2104
2099
2091
2083
2075
2070
2079
2075
2088
2098
2094
2091
2091
2088
2091
2090
2112
2112
2117
2106
2096
2098
2090
2089
2107
2110
2128
2115
2113
2105
2091
2098
2095
2091
2091
2082
2079
2068
2058
2058
2043
2057
2078
2089
2097
2099
2096
2102
2106
2118
2123
2143
2137
2136
2121
2115
2091
2098
2091
2086
2078
2072
2068
2051
2058
2059
2067
2067
2074
2083
2088
2099
2099
2111
2115
2122
2136
2149
2153
2155
2153
2164
2154
2146
2139
2114
2096
2066
2041
2015
2011
2019
2024
2035
2045
2058
2072
2079
2091
2104
2106
2112
2123
2118
2129
2122
2126
2128
2127
2139
2137
2130
2114
2117
2115
2122
2120
2122
2113
2118
2102
2087
2069
2061
2041
2039
2035
2026
2027
2025
2041
2059
2075
2091
2121
2128
2123
2121
2099
2088
2079
2071
2067
2069
2067
2067
2074
2067
2075
2074
2090
2105
2106
2112
2107
2099
2119
2114
2136
2128
2138
2138
2118
2112
2090
2075
2090
2083
2082
2091
2106
2128
2139
2178
2211
2251
2275
2293
2288
2266
2250
2224
2187
2152
2106
2039
1971
1912
1866
1818
1771
1754
1736
1723
1731
1758
1785
1832
1883
1938
2005
2065
2130
2203
2258
2305
2347
2389
2402
2419
2399
2379
2347
2305
2278
2250
2218
2187
2171
2131
2118
2107
2091
2078
2082
2072
2075
2079
2075
2070
2066
2064
2076
2082
2073
2077
2064
2054
2034
2019
2011
2010
2001
2007
2019
2022
2027
2050
2063
2085
2110
2114
2130
2139
2139
2142
2138
2142
2135
2139
2136
2115
2113
2103
2106
2102
2115
2123
2131
2130
2120
2114
2112
2107
2122
2122
2139
2148
2136
2118
2091
2083
2058
2049
2027
2031
2033
2040
2052
2066
2066
2099
2119
2137
2143
2143
2152
2143
2151
2146
2153
2154
2162
2143
2125
2101
2079
2058
2051
2056
2049
2043
2042
2039
2042
2034
2051
2067
2066
2058
2067
2056
2059
2054
2043
2042
2037
2027
2015
2011
1987
1979
1969
1979
1979
1993
2002
2009
2022
2034
2056
2081
2095
2111
2129
2137
2139
2147
2155
2152
2143
2143
2127
2111
2090
2083
2079
2094
2103
2130
2130
2133
2143
2143
2153
2155
2143
2152
2147
2149
2143
2142
2131
2135
2139
2136
2131
2129
2105
2094
2075
2064
2050
2049
2054
2064
2073
2082
2088
2096
2112
2122
2123
2134
2126
2123
2115
2098
2101
2106
2118
2120
2125
2123
2114
2112
2115
2109
2107
2103
2104
2098
2091
2089
2075
2087
2085
2091
2094
2107
2107
2106
2106
2112
2123
2128
2130
2126
2099
2087
2071
2064
2067
2065
2072
2074
2074
2064
2050
2043
2048
2051
2068
2072
2091
2099
2107
2107
2114
2117
2122
2110
2114
2115
2104
2106
2106
2109
2113
2114
2110
2106
2098
2090
2083
2086
2082
2102
2104
2106
2112
2106
2093
2075
2082
2097
2094
2096
2098
2090
2083
2069
2070
2072
2075
2082
2085
2090
2089
2095
2106
2115
2123
2123
2125
2121
2113
2097
2081
2079
2078
2079
2079
2086
2078
2073
2095
2097
2113
2128
2115
2114
2098
2085
2078
2078
2079
2085
2084
2095
2090
2088
2079
2083
2088
2100
2105
2118
2130
2121
2134
2129
2128
2129
2135
2128
2120
2101
2075
2064
2064
2071
2067
2083
2099
2104
2104
2103
2098
2100
2105
2114
2107
2106
2098
2091
2088
2089
2083
2096
2083
2079
2085
2074
2078
2083
2094
2114
2130
2129
2123
2112
2104
2102
2112
2107
2102
2104
2089
2075
2067
2065
2061
2066
2066
2072
2065
2056
2059
2064
2072
2078
2093
2093
2082
2082
2068
2075
2075
2075
2083
2107
2120
2134
2138
2141
2139
2123
2107
2089
2071
2050
2030
2011
2011
2026
2035
2066
2098
2111
2123
2131
2122
2120
2122
2134
2143
2163
2178
2193
2207
2216
2243
2262
2291
2298
2300
2267
2234
2170
2114
2064
2009
1951
1903
1864
1827
1812
1791
1765
1754
1766
1764
1795
1819
1866
1923
1998
2072
2152
2224
2267
2320
2334
2335
2334
2323
2320
2295
2278
2258
2245
2226
2207
2207
2192
2183
2162
2147
2123
2107
2103
2099
2098
2099
2107
2114
2099
2099
2085
2079
2072
2073
2067
2069
2054
2041
2039
2035
2040
2057
2066
2071
2069
2074
2085
2082
2086
2084
2096
2085
2082
2059
2056
2058
2061
2075
2091
2094
2112
2115
2120
2136
2134
2136
2138
2142
2149
2138
2134
2122
2128
2123
2127
2130
2137
2162
2155
2147
2134
2122
2099
2079
2071
2056
2041
2031
2026
2035
2050
2068
2090
2106
2118
2128
2122
2138
2150
2153
2160
2149
2131
2105
2075
2063
2054
2051
2051
2041
2056
2056
2056
2058
2061
2066
2070
2072
2072
2054
2039
2023
2025
2014
2030
2041
2035
2035
2023
2015
1991
1978
1971
1974
1986
1989
1994
2000
2017
2026
2050
2058
2079
2103
2108
2120
2128
2120
2139
2154
2167
2177
2171
2168
2158
2155
2163
2162
2163
2161
2163
2150
2130
2099
2091
2090
2087
2091
2093
2098
2097
2098
2107
2123
2123
2131
2134
2115
2113
2104
2096
2085
2094
2091
2109
2107
2107
2107
2099
2097
2090
2082
2081
2074
2073
2074
2075
2083
2088
2099
2116
2123
2128
2139
2147
2152
2155
2160
2146
2138
2120
2105
2090
2073
2070
2059
2058
2059
2066
2062
2061
2058
2064
2075
2090
2098
2115
2115
2121
2112
2099
2097
2086
2086
2097
2093
2102
2112
2107
2115
2115
2107
2091
2083
2059
2042
2033
2027
2040
2057
2074
2078
2092
2083
2088
2084
2096
2078
2096
2097
2114
2107
2106
2114
2114
2123
2139
2146
2155
2150
2139
2118
2107
2083
2074
2074
2067
2067
2088
2091
2091
2094
2075
2075
2058
2059
2051
2050
2056
2059
2075
2095
2113
2131
2155
2177
2184
2184
2163
2150
2125
2101
2077
2064
2041
2034
2039
2035
2045
2054
2062
2074
2086
2091
2102
2115
2138
2154
2162
2155
2163
2149
2129
2115
2107
2098
2075
2065
2054
2035
2026
2035
2054
2067
2074
2085
2105
2112
2105
2112
2104
2113
2118
2110
2097
2094
2082
2091
2090
2087
2108
2120
2120
2107
2099
2106
2107
2107
2120
2129
2129
2134
2142
2143
2139
2131
2131
2107
2098
2080
2069
2040
2033
2031
2041
2035
2052
2057
2066
2075
2089
2107
2128
2130
2142
2147
2139
2126
2118
2107
2102
2102
2098
2091
2087
2069
2061
2055
2058
2066
2059
2075
2074
2073
2075
2083
2095
2099
2112
2114
2118
2110
2086
2083
2061
2041
2035
2027
2024
2018
2019
2003
2018
2027
2043
2067
2087
2094
2107
2115
2123
2131
2138
2143
2154
2136
2136
2128
2122
2113
2118
2138
2155
2166
2194
2215
2247
2267
2288
2291
2283
2266
2243
2193
2158
2113
2067
2033
2001
1962
1928
1893
1848
1794
1759
1722
1721
1727
1762
1802
1850
1914
1988
2071
2147
2211
2259
2288
2310
2322
2331
2323
2327
2323
2296
2287
2267
2240
2216
2195
2193
2166
2163
2150
2130
2114
2105
2098
2087
2098
2087
2075
2087
2073
2072
2067
2064
2058
2070
2067
2052
2055
2045
2041
2047
2058
2059
2073
2076
2070
2073
2070
2059
2065
2066
2070
2082
2076
2075
2090
2091
2098
2117
2120
2128
2131
2135
2129
2128
2115
2116
2120
2129
2120
2129
2128
2117
2128
2125
2137
2153
2142
2143
2139
2128
2129
2107
2106
2096
2101
2097
2090
2090
2075
2083
2096
2098
2104
2118
2129
2131
2129
2136
2123
2115
2109
2097
2088
2063
2050
2040
2035
2039
2043
2043
2037
2043
2043
2039
2041
2039
2050
2050
2053
2043
2042
2022
2024
2018
2011
2025
2026
2015
2031
2029
2038
2035
2055
2058
2056
2060
2069
2066
2055
2059
2067
2077
2083
2094
2102
2107
2104
2099
2099
2107
2118
2122
2128
2122
2131
2143
2142
2154
2146
2152
2135
2138
2118
2103
2099
2099
2099
2111
2123
2131
2141
2128
2130
2139
2130
2134
2136
2128
2120
2099
2104
2097
2075
2085
2075
2075
2078
2094
2092
2110
2112
2123
2115
2114
2098
2086
2081
2078
2081
2090
2105
2106
2115
2131
2131
2130
2133
2131
2123
2115
2091
2066
2059
2043
2040
2042
2057
2072
2096
2104
2106
2099
2095
2094
2089
2094
2088
2090
2098
2098
2099
2099
2105
2115
2123
2118
2123
2115
2099
2091
2079
2079
2082
2086
2079
2078
2082
2088
2115
2135
2129
2138
2131
2115
2106
2082
2067
2059
2066
2058
2054
2064
2074
2090
2079
2088
2081
2082
2075
2069
2070
2077
2075
2081
2097
2104
2107
2107
2112
2107
2115
2112
2119
2130
2134
2134
2107
2102
2082
2072
2074
2078
2075
2083
2095
2098
2098
2105
2114
2115
2122
2128
2130
2133
2113
2121
2107
2110
2112
2114
2110
2106
2113
2117
2113
2120
2115
2109
2103
2095
2088
2066
2035
2015
2015
2019
2027
2024
2041
2041
2051
2064
2082
2099
2115
2123
2141
2146
2141
2136
2131
2115
2106
2083
2078
2065
2064
2072
2077
2080
2110
2131
2136
2143
2142
2143
2149
2160
2163
2177
2190
2184
2161
2139
2109
2083
2072
2073
2063
2067
2062
2059
2050
2051
2066
2072
2090
2117
2120
2123
2138
2146
2171
2168
2176
2187
2184
2177
2171
2165
2163
2160
2162
2154
2139
2130
2126
2121
2107
2122
2115
2112
2104
2098
2082
2083
2075
2067
2067
2066
2069
2075
2083
2088
2107
2114
2115
2092
2064
2014
1978
1941
1914
1899
1920
1975
2042
2099
2160
2185
2213
2222
2232
2230
2222
2218
2203
2184
2161
2138
2120
2108
2093
2091
2083
2067
2058
2050
2058
2067
2075
2091
2082
2079
2079
2077
2078
2070
2072
2085
2075
2074
2058
2059
2050
2048
2067
2059
2083
2083
2107
2115
2143
2155
2179
2189
2184
2200
2201
2229
2251
2271
2294
2299
2282
2227
2170
2075
1989
1916
1857
1810
1755
1731
1695
1682
1680
1690
1704
1738
1813
1880
1963
2037
2123
2205
2271
2338
2387
2425
2450
2440
2397
2357
2289
2229
2194
2193
2202
2218
2213
2218
2203
2194
2179
2161
2138
2107
2082
2056
2027
2003
2002
2003
2003
2008
2011
2002
1992
1991
1999
2015
2034
2079
2094
2118
2122
2098
2075
2053
2024
2015
1995
2002
2003
2003
2015
2035
2059
2078
2091
2103
2113
2115
2120
2131
2130
2139
2143
2146
2148
2143
2136
2135
2139
2139
2139
2143
2137
2138
2115
2113
2098
2097
2089
2098
2100
2103
2105
2107
2127
2139
2139
2143
2139
2128
2120
2101
2105
2098
2102
2101
2099
2083
2065
2053
2049
2034
2028
2043
2043
2050
2051
2048
2050
2054
2043
2053
2059
2056
2048
2039
2036
2039
2032
2035
2026
2024
2023
2018
2014
2015
2019
2029
2034
2027
2026
2019
2011
2007
2011
2014
2028
2057
2062
2075
2083
2097
2101
2114
2122
2139
2147
2155
2146
2147
2131
2118
2121
2130
2127
2130
2124
2115
2120
2128
2123
2136
2139
2137
2134
2139
2139
2139
2141
2135
2154
2152
2147
2140
2133
2112
2106
2122
2115
2110
2101
2098
2099
2102
2107
2115
2131
2131
2130
2122
2102
2097
2083
2090
2089
2100
2096
2099
2109
2113
2106
2090
2082
2067
2051
2043
2033
2023
2019
2035
2053
2061
2079
2090
2104
2104
2105
2115
2125
2134
2150
2143
2142
2128
2107
2099
2098
2074
2067
2074
2072
2072
2067
2072
2070
2073
2075
2091
2091
2096
2094
2087
2081
2091
2087
2093
2082
2077
2075
2059
2060
2066
2078
2090
2090
2097
2114
2107
2128
2131
2136
2139
2136
2125
2118
2098
2085
2090
2065
2066
2057
2046
2029
2026
2019
2026
2043
2066
2073
2098
2103
2112
2112
2120
2119
2131
2141
2147
2152
2155
2150
2145
2160
2137
2123
2107
2088
2094
2074
2065
2075
2088
2079
2096
2106
2122
2139
2143
2143
2142
2115
2099
2067
2041
2011
1999
1979
2000
2010
2027
2050
2066
2088
2090
2098
2103
2106
2112
2126
2122
2130
2123
2131
2128
2131
2136
2139
2123
2123
2114
2109
2091
2088
2088
2091
2088
2096
2103
2096
2083
2088
2099
2099
2103
2112
2128
2123
2143
